0.02309
0.02309
0.02308
0.02308
0.02307
0.02307
0.02307
0.02307
0.02306
0.02306
0.02306
0.02305
0.02305
0.02305
0.02304
0.02304
0.02304
0.02304
0.02303
0.02303
0.02303
0.02302
0.02302
0.02302
0.02302
0.02302
0.02302
0.02301
0.02301
0.02301
0.02300
0.02300
0.02300
0.02300
0.02299
0.02299
0.02299
0.02298
0.02298
0.02298
0.02298
0.02297
0.02297
0.02297
0.02297
0.02296
0.02296
0.02296
0.02296
0.02295
0.02295
0.02295
0.02294
0.02294
0.02294
0.02293
0.02293
0.02293
0.02293
0.02293
0.02292
0.02292
0.02292
0.02291
0.02291
0.02291
0.02291
0.02290
0.02290
0.02290
0.02290
0.02289
0.02289
0.02288
0.02288
0.02288
0.02287
0.02287
0.02287
0.02287
0.02286
0.02285
0.02284
0.02284
0.02284
0.02284
0.02283
0.02283
0.02283
0.02282
0.02281
0.02281
0.02281
0.02282
0.02281
0.02280
0.02280
0.02281
0.02277
0.02276
0.02276
0.02275
0.02272
0.02272
0.02272
0.02271
0.02272
0.02272
0.02273
0.02269
0.02270
0.02266
0.02265
0.02262
0.02260
0.02256
0.02254
0.02254
0.02254
0.02251
0.02251
0.02248
0.02243
0.02246
0.02248
0.02242
0.02236
0.02233
0.02226
0.02219
0.02215
0.02211
0.02200
0.02200
0.02244
0.02186
0.02180
0.02191
0.02199
0.02198
0.02166
0.02163
0.02137
0.02149
0.02129
0.02192
0.02108
0.02092
0.02091
0.02102
0.02083
0.02077
0.02079
0.02056
0.02048
0.02094
0.02052
0.02037
0.02117
0.02083
0.02056
0.02040
0.02008
0.01979
0.02042
0.01954
0.01972
0.01979
0.02019
0.02815
0.03033
0.02724
0.02150
0.02114
0.02067
0.02042
0.02017
0.02004
0.01994
0.01960
0.01882
0.01974
0.01871
0.01879
0.01916
0.01890
0.01823
0.01765
0.01810
0.01723
0.01660
0.01693
0.02033
0.01656
0.01686
0.01650
0.01524
0.02895
0.01568
0.01520
0.01518
0.02057
0.01634
0.01706
0.01603
0.01661
0.02762
0.01911
0.02756
0.01520
0.01468
0.01661
0.01426
0.01689
0.02042
0.01493
0.01576
0.01542
0.02371
0.01520
0.01770
0.03617
0.01758
0.02973
0.02740
0.02857
0.04215
0.02074
0.04567
0.03841
0.01842
0.01717
0.01628
0.01549
0.01605
0.01737
0.01633
0.01794
0.02076
0.03379
0.01349
0.01294
0.01379
0.01592
0.01682
0.02354
0.01557
0.01433
0.01349
0.01415
0.01529
0.01510
0.01823
0.01602
0.01423
0.01330
0.01200
0.01187
0.01238
0.01420
0.01357
0.01417
0.01576
0.01302
0.01485
0.01913
0.01500
0.01355
0.01332
0.01376
0.01396
0.01434
0.01384
0.01328
0.01445
0.01380
0.01501
0.01615
0.01803
0.01534
0.01688
0.02106
0.01621
0.01433
0.02365
0.01979
0.01159
0.01191
0.01450
0.01337
0.01241
0.01235
0.01624
0.01483
0.01551
0.01759
0.02145
0.01320
0.01435
0.01310
0.01409
0.01588
0.01849
0.01513
0.01719
0.01788
0.01493
0.01618
0.01215
0.01293
0.01240
0.01360
0.01158
0.01125
0.01240
0.01480
0.01524
0.01247
0.01301
0.01570
0.01295
0.01405
0.01596
0.01450
0.01269
0.01335
0.01372
0.01525
0.01506
0.01632
0.01597
0.01456
0.01327
0.01361
0.01680
0.01915
0.01514
0.01879
0.01838
0.01265
0.01496
0.01576
0.01499
0.02130
0.01554
0.02144
0.02074
0.01186
0.01083
0.00964
0.01082
0.01306
0.00934
0.01162
0.01197
0.01193
0.01163
0.01361
0.01438
0.01770
0.01204
0.01181
0.01215
0.01117
0.01077
0.01477
0.01545
0.01373
0.01350
0.01527
0.01374
0.01651
0.01078
0.01107
0.01174
0.01323
0.01347
0.01284
0.01207
0.01169
0.01168
0.01091
0.01113
0.01508
0.01309
0.01452
0.01330
0.01106
0.01198
0.01401
0.01877
0.01174
0.01356
0.01620
0.01156
0.01167
0.01256
0.01648
0.02239
0.01430
0.01533
0.01443
0.01349
0.01280
0.02095
0.01194
0.01080
0.01069
0.01194
0.01539
0.01281
0.01180
0.01447
0.01375
0.01115
0.01101
0.01067
0.01205
0.01083
0.01030
0.01153
0.01426
0.01106
0.00977
0.01285
0.01421
0.01001
0.01278
0.01004
0.01117
0.01027
0.01029
0.01040
0.01093
0.01144
0.01147
0.01360
0.01415
0.01403
0.01363
0.01188
0.01185
0.01303
0.01311
0.01533
0.01083
0.01222
0.01371
0.00989
0.01182
0.00964
0.00885
0.01221
0.00857
0.00958
0.01545
0.02461
0.02021
0.01743
0.01337
0.01107
0.01173
0.01037
0.01109
0.01157
0.01572
0.01232
0.01077
0.00750
0.00867
0.00828
0.01013
0.01136
0.01086
0.01089
0.00965
0.00832
0.00934
0.01062
0.01255
0.01035
0.01064
0.00931
0.01154
0.01108
0.01267
0.01592
0.01820
0.01622
0.00927
0.01062
0.00977
0.01021
0.00872
0.01119
0.01305
0.01280
0.00895
0.00836
0.00910
0.00878
0.00844
0.00928
0.00987
0.01230
0.01104
0.00978
0.00805
0.00849
0.00960
0.01312
0.00853
0.00897
0.00878
0.00916
0.00913
0.00841
0.00864
0.00888
0.00859
0.00909
0.01065
0.00791
0.00974
0.00793
0.00941
0.00766
0.00952
0.00933
0.01036
0.00943
0.01095
0.00893
0.00885
0.00839
0.00964
0.00864
0.00977
0.00710
0.00734
0.00737
0.00783
0.00788
0.00708
0.00694
0.00715
0.00912
0.00731
0.00880
0.00813
0.00949
0.00797
0.00780
0.00886
0.00828
0.00667
0.00686
0.00701
0.00761
0.00826
0.00939
0.00908
0.00950
0.00877
0.00918
0.00808
0.00871
0.00766
0.00759
0.00790
0.00671
0.00803
0.00892
0.00955
0.00672
0.00772
0.00641
0.01122
0.00885
0.00706
0.00646
0.00769
0.01445
0.00971
0.01094
0.00824
0.00831
0.00772
0.01063
0.01175
0.01469
0.01006
0.01008
0.01323
0.01424
0.01116
0.00979
0.00777
0.00627
0.00646
0.01059
0.00776
0.00810
0.00711
0.00909
0.00683
0.00678
0.00666
0.01108
0.00755
0.00664
0.00795
0.00766
0.00735
0.00934
0.00794
0.00821
0.00665
0.00743
0.00731
0.00750
0.00891
0.00781
0.00779
0.00752
0.00770
0.00709
0.00813
0.00818
0.00853
0.00778
0.00841
0.01337
0.01017
0.00946
0.00905
0.01231
0.00697
0.00596
0.00703
0.00644
0.00682
0.00801
0.00677
0.00851
0.00786
0.00662
0.00742
0.00820
0.00633
0.00745
0.00641
0.00670
0.00767
0.00736
0.00688
0.00668
0.00638
0.00700
0.00666
0.00586
0.00537
0.00564
0.00638
0.00842
0.00787
0.00750
0.00990
0.01481
0.01212
0.00821
0.00663
0.00701
0.00727
0.00584
0.00619
0.00565
0.00623
0.00603
0.00709
0.00707
0.00575
0.00647
0.00717
0.00614
0.00679
0.00903
0.00834
0.00843
0.01238
0.00740
0.00611
0.00805
0.00852
0.00715
0.00742
0.00593
0.00785
0.00665
0.00637
0.00719
0.00890
0.00860
0.00732
0.00650
0.01167
0.00672
0.00573
0.00568
0.00665
0.00815
0.00696
0.00921
0.01137
0.00632
0.00802
0.00761
0.00855
0.00900
0.00709
0.00656
0.00734
0.00892
0.00602
0.00702
0.01006
0.00751
0.00582
0.00612
0.00639
0.00670
0.00559
0.00591
0.00670
0.00578
0.00599
0.00774
0.00722
0.00587
0.00635
0.00683
0.00637
0.00644
0.00589
0.00625
0.00663
0.00584
0.00563
0.00612
0.00551
0.00548
0.00649
0.00657
0.00530
0.00525
0.00502
0.00579
0.00579
0.00946
0.00636
0.00586
0.00551
0.00501
0.00504
0.00555
0.00664
0.00565
0.00596
0.00580
0.00701
0.00662
0.00608
0.00587
0.00632
0.00667
0.00618
0.00570
0.00757
0.00647
0.00842
0.00887
0.00694
0.00647
0.00633
0.00651
0.00728
0.00647
0.00645
0.00621
0.00610
0.00591
0.00599
0.00598
0.00651
0.00556
0.00611
0.00518
0.00505
0.00488
0.00506
