0.02305
0.02305
0.02304
0.02303
0.02302
0.02301
0.02301
0.02299
0.02298
0.02298
0.02297
0.02296
0.02295
0.02294
0.02293
0.02293
0.02292
0.02291
0.02290
0.02289
0.02289
0.02288
0.02288
0.02286
0.02286
0.02284
0.02283
0.02282
0.02280
0.02278
0.02277
0.02276
0.02274
0.02273
0.02272
0.02270
0.02271
0.02266
0.02263
0.02261
0.02259
0.02256
0.02257
0.02251
0.02247
0.02245
0.02241
0.02237
0.02230
0.02227
0.02225
0.02222
0.02210
0.02203
0.02174
0.02164
0.02147
0.02145
0.02148
0.02133
0.02086
0.02146
0.02031
0.01976
0.01954
0.02180
0.01917
0.02285
0.02262
0.01942
0.01838
0.01841
0.02007
0.01812
0.01856
0.01970
0.02578
0.02085
0.06085
0.05777
0.03234
0.02245
0.02160
0.02202
0.02478
0.02217
0.02614
0.02744
0.02605
0.02363
0.04103
0.02130
0.02122
0.02130
0.02052
0.02432
0.02264
0.02249
0.02205
0.02189
0.02190
0.02119
0.02092
0.02078
0.02116
0.02079
0.02098
0.02090
0.02227
0.02137
0.02187
0.01925
0.01980
0.01825
0.01881
0.01808
0.01827
0.01891
0.02086
0.02588
0.02027
0.02027
0.01805
0.01968
0.02927
0.01834
0.04976
0.01819
0.01940
0.02070
0.01842
0.02015
0.01756
0.01989
0.03002
0.01854
0.01830
0.01753
0.02017
0.01853
0.01781
0.01989
0.02348
0.01742
0.01712
0.01522
0.01877
0.01839
0.02194
0.02942
0.01589
0.01675
0.01591
0.01865
0.01683
0.01826
0.01579
0.01758
0.01975
0.02358
0.02228
0.01852
0.01874
0.02270
0.02363
0.02344
0.02987
0.03800
0.02114
0.01652
0.01481
0.01333
0.01371
0.01934
0.02009
0.02368
0.01748
0.01783
0.01810
0.01405
0.01357
0.01447
0.01700
0.01785
0.02828
0.01437
0.01437
0.01263
0.01517
0.01316
0.01248
0.01465
0.01524
0.01442
0.01503
0.01527
0.01660
0.01762
0.01418
0.01636
0.02172
0.02329
0.01339
0.01503
0.01570
0.01284
0.01314
0.01434
0.01264
0.01229
0.01473
0.01891
0.01612
0.01678
0.01656
0.01634
0.01878
0.01374
0.01298
0.01234
0.01434
0.01704
0.01453
0.01510
0.01584
0.01742
0.01492
0.01566
0.01908
0.01486
0.01415
0.01456
0.01306
0.01323
0.01344
0.01698
0.01245
0.01392
0.01446
0.01346
0.01413
0.01524
0.01802
0.01716
0.01571
0.01562
0.01625
0.01263
0.01716
0.01310
0.01356
0.01291
0.01602
0.01606
0.01181
0.00990
0.01315
0.01461
0.01564
0.02113
0.01408
0.01189
0.01360
0.01480
0.01381
0.01304
0.01290
0.01390
0.01204
0.01442
0.01528
0.01371
0.01125
0.01448
0.01569
0.01172
0.01601
0.01771
0.02742
0.01550
0.01978
0.01599
0.01591
0.01343
0.01172
0.01288
0.01467
0.01309
0.01326
0.01056
0.01218
0.01411
0.01092
0.01701
0.01676
0.01765
0.01881
0.01165
0.00909
0.01089
0.01349
0.01447
0.01328
0.00892
0.01041
0.01136
0.01485
0.01413
0.01229
0.01117
0.01037
0.01062
0.01068
0.01290
0.01330
0.01591
0.01339
0.01745
0.01757
0.01495
0.03565
0.01398
0.01133
0.01015
0.01188
0.01611
0.01394
0.02495
0.01665
0.01253
0.01308
0.02015
0.01928
0.01820
0.02155
0.01605
0.01706
0.02239
0.01888
0.01227
0.00978
0.01158
0.01287
0.01172
0.01053
0.01312
0.01451
0.01564
0.01183
0.00960
0.01144
0.01272
0.01245
0.01232
0.01205
0.01336
0.01302
0.01239
0.01383
0.01116
0.01180
0.01317
0.01323
0.01575
0.01364
0.01011
0.01090
0.01210
0.01354
0.01046
0.01083
0.01531
0.01879
0.01286
0.00960
0.01322
0.01098
0.01054
0.01338
0.01394
0.01326
0.00976
0.00970
0.01103
0.01499
0.01016
0.01988
0.01585
0.00846
0.01028
0.01057
0.00997
0.00995
0.00932
0.01054
0.00980
0.01136
0.01275
0.01374
0.01686
0.01323
0.01373
0.01291
0.01368
0.01371
0.01365
0.01297
0.01105
0.01024
0.00884
0.00966
0.00994
0.01167
0.00871
0.01040
0.01232
0.01303
0.01115
0.01035
0.00962
0.00868
0.00841
0.01289
0.01224
0.01135
0.01264
0.00872
0.01006
0.01167
0.01175
0.01048
0.01234
0.01235
0.01428
0.01038
0.01043
0.01449
0.01226
0.01126
0.00828
0.00799
0.00811
0.01131
0.00963
0.00949
0.01088
0.00844
0.00816
0.00834
0.00825
0.01144
0.01169
0.01709
0.01295
0.01064
0.01011
0.01112
0.01132
0.01091
0.01359
0.01609
0.01119
0.01103
0.01541
0.02368
0.02025
0.01046
0.01350
0.01794
0.03480
0.01838
0.01965
0.02655
0.01511
0.00953
0.00779
0.00893
0.01086
0.01084
0.01609
0.01214
0.01178
0.01266
0.01034
0.00971
0.01197
0.01200
0.01416
0.02140
0.00921
0.01088
0.01567
0.01295
0.00871
0.00919
0.01034
0.01197
0.01234
0.00854
0.00865
0.00895
0.01156
0.01097
0.01496
0.01447
0.01568
0.01120
0.01295
0.01002
0.01109
0.01034
0.01163
0.01043
0.00918
0.00776
0.00864
0.00945
0.01024
0.01060
0.00994
0.00818
0.00828
0.00869
0.01207
0.01025
0.00980
0.00888
0.00942
0.00828
0.01186
0.01572
0.01041
0.02145
0.01448
0.01012
0.00729
0.00872
0.00850
0.01091
0.00933
0.01099
0.00977
0.00877
0.00900
0.00946
0.00953
0.00823
0.00771
0.00814
0.00894
0.01058
0.00992
0.00836
0.00832
0.00875
0.01088
0.01331
0.00932
0.00913
0.00740
0.00712
0.00946
0.00848
0.00899
0.00749
0.00796
0.00844
0.00914
0.01045
0.00972
0.00666
0.00711
0.01020
0.00906
0.00783
0.00779
0.00860
0.01089
0.00770
0.00720
0.00671
0.00780
0.00917
0.00634
0.00693
0.00776
0.00897
0.00805
0.00806
0.00641
0.00876
0.00606
0.00725
0.00865
0.00948
0.00928
0.00814
0.00877
0.00864
0.00787
0.00801
0.00792
0.00697
0.00621
0.00626
0.00700
0.00617
0.00690
0.00645
0.00652
0.00662
0.00830
0.00961
0.00843
0.00923
0.00630
0.00784
0.00597
0.00660
0.00710
0.00958
0.00642
0.00666
0.00730
0.00718
0.00761
0.00695
0.00668
0.00996
0.00845
0.00730
0.01480
0.01086
0.01386
0.00954
0.00918
0.00721
0.00894
0.00833
0.00722
0.00899
0.01215
0.00728
0.00671
0.00729
0.00712
0.00839
0.00800
0.00761
0.00675
0.00695
0.00701
0.00894
0.01102
0.00869
0.00866
0.00950
0.00768
0.00968
0.00889
0.00891
0.00882
0.00915
0.00807
0.00716
0.00704
0.00685
0.00931
0.00671
0.00705
0.00819
0.00874
0.00685
0.00756
0.00702
0.00786
0.00764
0.00718
0.00781
0.00780
0.00821
0.00641
0.00724
0.00733
0.00909
0.00821
0.00835
0.00618
0.00650
0.00715
0.00738
0.00739
0.01000
0.00967
0.00835
0.00997
0.00722
0.00704
0.00733
0.00716
0.00687
0.00657
0.00843
0.00922
0.00636
0.00811
0.00600
0.00635
0.00640
0.00800
0.00682
0.00747
0.01125
0.01192
0.00895
0.00873
0.00785
0.00705
0.00667
0.00672
0.00644
0.00764
0.00683
0.00757
0.00936
0.00674
0.00681
0.00802
0.00712
0.00691
0.00685
0.00791
0.00659
0.00690
0.00822
0.00745
0.00708
0.00611
0.00584
0.00667
0.00657
0.00625
0.00726
0.00914
0.00720
0.00801
0.00810
0.00662
0.00592
0.00745
0.00784
0.00828
0.00814
0.00774
0.00975
0.00888
0.00639
0.00720
0.00702
0.00568
0.00586
0.00594
0.00668
0.00664
0.00685
0.00609
0.00579
0.00633
0.00585
0.00610
0.00658
0.00773
0.00785
0.00725
0.00765
0.00665
0.00687
0.00755
0.00680
0.00640
0.00612
0.00628
0.00685
0.00663
0.00660
0.00684
0.00795
0.00690
0.00624
0.00662
0.00581
0.00583
0.00856
0.00751
0.00721
0.00631
0.00817
0.00700
0.00752
0.00664
