0.02306
0.02305
0.02305
0.02305
0.02304
0.02303
0.02303
0.02301
0.02301
0.02300
0.02300
0.02299
0.02298
0.02298
0.02298
0.02297
0.02297
0.02297
0.02297
0.02297
0.02297
0.02296
0.02296
0.02295
0.02294
0.02294
0.02293
0.02293
0.02293
0.02292
0.02291
0.02290
0.02290
0.02288
0.02288
0.02287
0.02286
0.02285
0.02286
0.02285
0.02284
0.02284
0.02282
0.02286
0.02283
0.02283
0.02279
0.02277
0.02277
0.02276
0.02277
0.02274
0.02268
0.02264
0.02258
0.02259
0.02246
0.02250
0.02251
0.02232
0.02216
0.02197
0.02193
0.02178
0.02178
0.02205
0.02146
0.02194
0.02178
0.02136
0.02112
0.02118
0.02068
0.02077
0.02178
0.02085
0.02080
0.02279
0.02710
0.02419
0.02586
0.02250
0.02171
0.02159
0.02143
0.02175
0.02085
0.02061
0.02148
0.02052
0.02203
0.02139
0.02136
0.02145
0.02051
0.02168
0.02147
0.02116
0.02083
0.02046
0.02045
0.02048
0.02230
0.02024
0.02216
0.02217
0.02513
0.02307
0.02735
0.02655
0.03246
0.03322
0.02728
0.01994
0.02339
0.01953
0.02112
0.02061
0.02178
0.02565
0.02664
0.02985
0.01893
0.02077
0.02262
0.02530
0.02174
0.01956
0.01978
0.02171
0.02194
0.02527
0.03414
0.02217
0.03180
0.02219
0.02147
0.02044
0.02038
0.01880
0.01910
0.02105
0.02190
0.02322
0.01857
0.01813
0.02215
0.02071
0.01987
0.01877
0.02616
0.02193
0.01690
0.02241
0.02017
0.02973
0.01783
0.01880
0.01696
0.01871
0.01988
0.02009
0.02373
0.02902
0.03272
0.04172
0.03553
0.05066
0.02651
0.02416
0.02539
0.03004
0.03438
0.02112
0.02146
0.02099
0.02156
0.02593
0.02846
0.02082
0.01908
0.01991
0.01898
0.02143
0.03546
0.02138
0.02111
0.02105
0.02139
0.02152
0.01906
0.02872
0.01928
0.01828
0.01832
0.01848
0.01803
0.01803
0.01835
0.02168
0.02204
0.02017
0.01913
0.02058
0.01943
0.01626
0.01582
0.01675
0.01909
0.01780
0.02007
0.02458
0.01826
0.01814
0.02014
0.02335
0.02651
0.02615
0.01957
0.02053
0.02126
0.02407
0.01578
0.01811
0.01824
0.02096
0.01636
0.01651
0.01907
0.01772
0.02064
0.05553
0.01987
0.01912
0.01901
0.02213
0.01836
0.01926
0.01926
0.01674
0.01700
0.01792
0.01628
0.01778
0.01774
0.01896
0.02085
0.02263
0.02397
0.02241
0.01852
0.01518
0.02060
0.01910
0.02139
0.01402
0.01412
0.01816
0.01951
0.01602
0.01535
0.01901
0.01946
0.01831
0.01535
0.01464
0.01596
0.01543
0.02685
0.01554
0.01890
0.01349
0.01864
0.02093
0.02037
0.01514
0.01692
0.01845
0.01746
0.01413
0.01677
0.01641
0.01469
0.01314
0.01238
0.01369
0.01305
0.01372
0.01244
0.01147
0.01677
0.01755
0.01422
0.01732
0.01590
0.01711
0.01878
0.01489
0.01279
0.01208
0.01326
0.01463
0.01586
0.01275
0.01376
0.01457
0.01353
0.02115
0.01529
0.01491
0.01360
0.01132
0.01261
0.01284
0.01441
0.01470
0.01650
0.01555
0.01448
0.01776
0.01352
0.01433
0.01136
0.01046
0.01299
0.01481
0.01823
0.01792
0.01821
0.02389
0.01468
0.01668
0.01356
0.01612
0.01451
0.01368
0.01557
0.01037
0.01059
0.01435
0.01133
0.01238
0.01501
0.01577
0.01352
0.01332
0.01458
0.01817
0.01886
0.01721
0.01698
0.01819
0.01802
0.01491
0.01456
0.01277
0.01900
0.01328
0.01333
0.01490
0.01506
0.01251
0.01906
0.02126
0.02134
0.01332
0.01360
0.01167
0.00997
0.01127
0.01303
0.01647
0.02062
0.02523
0.01661
0.01709
0.01165
0.01080
0.01381
0.01969
0.01448
0.00951
0.01099
0.01208
0.01779
0.01103
0.01387
0.00901
0.00928
0.01407
0.01301
0.01238
0.01845
0.01916
0.01968
0.01118
0.01256
0.01348
0.01484
0.01766
0.01239
0.01448
0.01741
0.01492
0.01313
0.01247
0.01133
0.01395
0.01469
0.01197
0.01385
0.02045
0.02088
0.01099
0.01083
0.01239
0.01275
0.01287
0.01246
0.00982
0.00983
0.00992
0.01013
0.00955
0.01141
0.01434
0.01008
0.01050
0.01746
0.01907
0.01017
0.01110
0.01192
0.01402
0.01158
0.01037
0.01250
0.01272
0.01917
0.01550
0.01356
0.00872
0.01002
0.00835
0.01028
0.01267
0.00911
0.00921
0.00879
0.01072
0.01281
0.01080
0.01480
0.01426
0.01488
0.00976
0.01203
0.01074
0.01236
0.01311
0.01264
0.01069
0.01026
0.01356
0.01238
0.00824
0.00839
0.01018
0.01181
0.01023
0.01032
0.00972
0.01327
0.00928
0.01038
0.00937
0.01069
0.01164
0.01087
0.01289
0.01353
0.01189
0.01205
0.01106
0.00909
0.01081
0.01072
0.01189
0.01097
0.01051
0.00972
0.01209
0.01169
0.00908
0.00987
0.01099
0.01239
0.01228
0.01026
0.01141
0.01122
0.01074
0.01259
0.01582
0.01783
0.01909
0.01432
0.01761
0.01175
0.01526
0.01152
0.02181
0.01050
0.01118
0.01085
0.00914
0.01057
0.01247
0.01317
0.01250
0.00952
0.00861
0.00939
0.01255
0.00999
0.00949
0.01069
0.01210
0.00842
0.01192
0.01864
0.01140
0.01410
0.01265
0.00993
0.00982
0.00957
0.01036
0.01182
0.01341
0.01351
0.01075
0.01249
0.01078
0.01104
0.00993
0.01160
0.01025
0.00945
0.00957
0.01194
0.01192
0.00950
0.00913
0.00858
0.01029
0.00971
0.00793
0.01089
0.01170
0.00959
0.01119
0.00893
0.00996
0.01109
0.01072
0.00949
0.00992
0.01310
0.01291
0.01305
0.00833
0.00955
0.01054
0.01204
0.00768
0.01141
0.01217
0.01137
0.01139
0.00856
0.00964
0.00901
0.00798
0.00856
0.01085
0.01018
0.01044
0.01015
0.00850
0.01049
0.00846
0.01059
0.01322
0.00971
0.01004
0.00874
0.01232
0.01062
0.00962
0.00899
0.00988
0.00865
0.01231
0.00991
0.00788
0.00638
0.00805
0.00841
0.00789
0.00797
0.01136
0.01065
0.01006
0.00891
0.00813
0.01111
0.00876
0.00934
0.00931
0.01332
0.01026
0.00929
0.00975
0.01141
0.00808
0.00837
0.00873
0.01145
0.01117
0.01098
0.03618
0.02799
0.03415
0.02155
0.01748
0.01126
0.01370
0.01414
0.01281
0.01445
0.01247
0.01009
0.00827
0.00792
0.00881
0.00792
0.00820
0.00837
0.00754
0.00957
0.00882
0.00881
0.01397
0.00807
0.00909
0.00953
0.00871
0.01096
0.01195
0.01233
0.00963
0.01507
0.00864
0.00849
0.00822
0.00896
0.01119
0.00820
0.00785
0.00887
0.01020
0.00877
0.00862
0.00777
0.00913
0.00942
0.00797
0.00951
0.00833
0.00978
0.00686
0.00963
0.00839
0.00957
0.01035
0.00967
0.00773
0.00819
0.00855
0.01034
0.01176
0.00852
0.00881
0.00916
0.01662
0.01305
0.00834
0.00744
0.00803
0.00877
0.00764
0.00696
0.00930
0.00700
0.00964
0.00841
0.00706
0.00784
0.00845
0.00800
0.00894
0.00993
0.01405
0.01401
0.01334
0.01460
0.00896
0.00824
0.00907
0.00794
0.00873
0.00827
0.00917
0.01517
0.00860
0.00945
0.01037
0.01005
0.00756
0.00734
0.00812
0.00708
0.00708
0.00842
0.00834
0.00796
0.00843
0.00616
0.00696
0.00734
0.00702
0.00804
0.01003
0.00814
0.00874
0.00929
0.00833
0.00833
0.00898
0.01003
0.00937
0.00881
0.00879
0.00835
0.00862
0.00751
0.00782
0.00769
0.00741
0.00825
0.00797
0.00743
0.00858
0.00963
0.00688
0.00816
0.00719
0.00628
0.00621
0.00716
0.00763
0.00860
0.00817
0.00897
0.00783
0.00863
0.00687
0.00718
0.00731
0.00704
0.00694
0.00771
0.00829
0.00861
0.00821
0.00778
0.00755
0.00761
0.00773
0.00669
0.00723
0.01107
0.01100
0.00862
0.00717
0.00759
0.00841
0.00784
0.00718
