0.02305
0.02304
0.02304
0.02304
0.02303
0.02303
0.02303
0.02303
0.02302
0.02302
0.02302
0.02302
0.02301
0.02301
0.02301
0.02301
0.02301
0.02301
0.02301
0.02300
0.02300
0.02300
0.02300
0.02299
0.02299
0.02299
0.02299
0.02298
0.02298
0.02298
0.02298
0.02297
0.02297
0.02297
0.02296
0.02296
0.02296
0.02296
0.02296
0.02295
0.02295
0.02295
0.02294
0.02295
0.02294
0.02294
0.02294
0.02293
0.02293
0.02291
0.02291
0.02290
0.02289
0.02289
0.02288
0.02288
0.02287
0.02287
0.02287
0.02286
0.02285
0.02285
0.02284
0.02284
0.02284
0.02284
0.02282
0.02283
0.02281
0.02281
0.02280
0.02278
0.02277
0.02277
0.02275
0.02274
0.02271
0.02269
0.02268
0.02266
0.02264
0.02264
0.02263
0.02261
0.02259
0.02259
0.02257
0.02257
0.02256
0.02254
0.02252
0.02248
0.02245
0.02241
0.02240
0.02237
0.02235
0.02234
0.02232
0.02231
0.02230
0.02225
0.02220
0.02216
0.02215
0.02212
0.02207
0.02205
0.02201
0.02191
0.02191
0.02184
0.02187
0.02172
0.02165
0.02165
0.02156
0.02160
0.02141
0.02139
0.02138
0.02130
0.02107
0.02098
0.02087
0.02087
0.02070
0.02047
0.02030
0.02056
0.02016
0.02024
0.02015
0.01982
0.02032
0.01944
0.01924
0.01899
0.02053
0.02064
0.01892
0.02146
0.01833
0.01821
0.01971
0.02498
0.01843
0.01795
0.01858
0.02150
0.01828
0.01785
0.01785
0.01815
0.02598
0.02430
0.02799
0.02939
0.02398
0.01992
0.01958
0.01914
0.01848
0.01802
0.01778
0.01682
0.02062
0.01881
0.01835
0.02451
0.02667
0.02486
0.01889
0.01802
0.01736
0.01713
0.01691
0.01670
0.01681
0.01930
0.01846
0.02214
0.01700
0.01773
0.02735
0.03226
0.01886
0.02105
0.01689
0.01653
0.01648
0.01793
0.01758
0.01663
0.01876
0.02429
0.01877
0.02723
0.01675
0.01900
0.02832
0.03249
0.01615
0.01599
0.02558
0.02676
0.01636
0.01485
0.02219
0.01429
0.01652
0.01448
0.01527
0.01792
0.02384
0.01856
0.02057
0.01978
0.01907
0.01671
0.02103
0.03366
0.02560
0.05569
0.04675
0.03913
0.04330
0.03520
0.03218
0.03003
0.01759
0.01724
0.01631
0.01618
0.01711
0.01633
0.01617
0.01718
0.01554
0.01416
0.01552
0.01523
0.01679
0.02124
0.02163
0.03055
0.02434
0.01705
0.01652
0.01593
0.01656
0.01742
0.01771
0.01719
0.01582
0.02137
0.01406
0.01317
0.01570
0.01472
0.02710
0.01840
0.01938
0.02376
0.01738
0.01759
0.03866
0.02123
0.02304
0.01947
0.01567
0.01993
0.02493
0.01442
0.01467
0.01431
0.01583
0.01816
0.02525
0.01527
0.01614
0.01794
0.01577
0.01650
0.02052
0.02221
0.01935
0.01244
0.01425
0.01441
0.01599
0.01275
0.02086
0.01792
0.01563
0.01285
0.01598
0.01368
0.01409
0.01462
0.01492
0.01714
0.02775
0.02192
0.01392
0.01396
0.01279
0.01453
0.01332
0.01351
0.02084
0.01392
0.01107
0.01101
0.01092
0.01387
0.01631
0.02281
0.01222
0.01320
0.01357
0.01548
0.01547
0.01892
0.01898
0.01399
0.01306
0.01489
0.01127
0.01365
0.01252
0.01144
0.01345
0.01313
0.01398
0.01409
0.01461
0.02201
0.01531
0.01173
0.01404
0.01358
0.01422
0.02151
0.01661
0.01741
0.01814
0.02249
0.02848
0.01929
0.01655
0.01753
0.01306
0.01738
0.01367
0.01449
0.01328
0.01344
0.01378
0.01837
0.01627
0.01234
0.01276
0.01187
0.01064
0.01537
0.01539
0.01447
0.01229
0.01467
0.01353
0.01505
0.01202
0.01090
0.01091
0.01296
0.01352
0.01382
0.01100
0.01214
0.01175
0.01081
0.01065
0.01420
0.01325
0.01103
0.01184
0.01220
0.01184
0.01249
0.01531
0.01310
0.01113
0.01176
0.01121
0.01219
0.01216
0.01384
0.01195
0.01154
0.01494
0.01536
0.01266
0.01541
0.01807
0.01198
0.01048
0.01214
0.01278
0.02147
0.01860
0.01116
0.01322
0.01540
0.01118
0.01240
0.01024
0.00993
0.01117
0.01042
0.01060
0.01341
0.02060
0.01078
0.01161
0.00993
0.00995
0.01333
0.01054
0.01141
0.01213
0.01167
0.01153
0.01135
0.01285
0.01128
0.01347
0.01375
0.01264
0.01558
0.01248
0.01086
0.01164
0.01170
0.01028
0.01115
0.00941
0.01067
0.01029
0.01336
0.00975
0.01018
0.01062
0.00918
0.01274
0.01354
0.01209
0.01003
0.01080
0.00946
0.00996
0.01114
0.01088
0.01147
0.01148
0.01516
0.00974
0.01069
0.00979
0.00996
0.01026
0.01151
0.01421
0.01131
0.01187
0.01076
0.01224
0.01046
0.01221
0.01060
0.01234
0.01078
0.01106
0.01140
0.01285
0.01327
0.01180
0.00938
0.00916
0.00863
0.01058
0.01110
0.01187
0.00999
0.01079
0.01072
0.01210
0.01078
0.01120
0.01019
0.01131
0.02430
0.01212
0.01283
0.01509
0.01169
0.01659
0.02103
0.00879
0.00966
0.01446
0.00890
0.00811
0.00897
0.00991
0.00974
0.00867
0.00896
0.01069
0.01036
0.01183
0.01282
0.00946
0.00940
0.00934
0.01260
0.01853
0.01320
0.00942
0.01090
0.01175
0.01193
0.01520
0.01063
0.01297
0.01461
0.00948
0.00828
0.00758
0.01097
0.00979
0.01077
0.00887
0.01089
0.00834
0.00883
0.00957
0.00861
0.01011
0.01280
0.01330
0.01112
0.00863
0.01155
0.00929
0.01179
0.01103
0.00882
0.01018
0.01152
0.01028
0.01036
0.01391
0.01192
0.01000
0.00855
0.01017
0.00964
0.01281
0.01730
0.00768
0.00984
0.00912
0.01091
0.00898
0.01113
0.00853
0.01178
0.01040
0.00844
0.00905
0.01025
0.01133
0.00976
0.01004
0.00841
0.00878
0.00956
0.01138
0.01069
0.01461
0.00982
0.01118
0.01410
0.01521
0.01111
0.01100
0.00981
0.00979
0.00867
0.00904
0.00850
0.00948
0.00778
0.01053
0.00984
0.00794
0.00810
0.01032
0.00950
0.00874
0.00949
0.00930
0.00887
0.01107
0.01449
0.00855
0.00887
0.00915
0.01004
0.00935
0.00937
0.00962
0.00987
0.01040
0.00908
0.00937
0.00911
0.00875
0.00879
0.01014
0.01270
0.01376
0.01041
0.00891
0.00873
0.01098
0.00941
0.00772
0.00797
0.00813
0.00808
0.00816
0.00887
0.00929
0.00879
0.00917
0.00885
0.00870
0.00774
0.00758
0.00744
0.00779
0.00801
0.00760
0.00804
0.00824
0.00859
0.00956
0.01333
0.01383
0.00766
0.00678
0.00782
0.01044
0.00920
0.00814
0.00994
0.00888
0.00850
0.00853
0.00827
0.00946
0.00873
0.00874
0.00867
0.01147
0.00761
0.00870
0.00833
0.00815
0.00681
0.00761
0.00766
0.00742
0.00746
0.00939
0.00865
0.00799
0.00963
0.01023
0.00712
0.00790
0.00958
0.00790
0.00962
0.00750
0.00945
0.00901
0.00844
0.00850
0.01062
0.00985
0.00823
0.00904
0.00765
0.00748
0.00788
0.00703
0.00839
0.00789
0.00970
0.00926
0.01006
0.00843
0.00892
0.00804
0.00991
0.00922
0.00845
0.00759
0.00932
0.00716
0.00733
0.00794
0.00901
0.00844
0.00701
0.00742
0.00784
0.00848
0.00729
0.00700
0.00812
0.00771
0.00912
0.00851
0.00804
0.00788
0.00844
0.00918
0.00825
0.00842
0.00842
0.01215
0.00901
0.00753
0.00721
0.00894
0.00698
0.00656
0.00639
0.00761
0.00737
0.00756
0.00682
0.00683
0.00797
0.01085
0.01056
0.00732
0.00767
0.00652
0.00618
0.00693
0.00772
0.00666
0.00876
0.00674
0.00724
0.00804
0.00757
0.00690
0.00709
0.00783
0.00838
0.00762
0.00861
0.00792
0.00831
0.00823
0.00811
0.00744
0.00758
0.00773
0.00945
0.00769
0.00816
0.00960
0.00826
0.00760
0.00845
0.00741
0.00799
0.00747
0.00805
0.00665
0.01163
0.00632
0.00631
